[gd_resource type="SkeletonProfile" load_steps=2 format=3 uid="uid://br7sob1pdxyuq"]

[ext_resource type="Texture2D" uid="uid://5n03ort3rhwq" path="res://CatsSkeletonProfileBuilder/4-leggedv2.png" id="1_i4217"]

[resource]
root_bone = &"root"
scale_base_bone = &"hips"
group_size = 1
bone_size = 34
groups/0/group_name = &"Body"
groups/0/texture = ExtResource("1_i4217")
bones/0/bone_name = &"root"
bones/0/bone_parent = &""
bones/0/tail_direction = 0
bones/0/reference_pose = Transform3D(1, 0, 0, 0, 0, 1, 0, -1, 0, 0, 0, 0)
bones/0/handle_offset = Vector2(0.5, 0.98)
bones/0/group = &"Body"
bones/0/require = false
bones/1/bone_name = &"hips"
bones/1/bone_parent = &"root"
bones/1/tail_direction = 1
bones/1/bone_tail = &"DEF-spine.001"
bones/1/reference_pose = Transform3D(1, -7.86628e-18, -7.70229e-15, 7.86628e-18, -0.999998, 0.00204258, -7.70229e-15, -0.00204258, -0.999998, -4.94826e-19, 0.410129, 0.791471)
bones/1/handle_offset = Vector2(0.5, 0.65)
bones/1/group = &"Body"
bones/1/require = true
bones/2/bone_name = &"spine.001"
bones/2/bone_parent = &"hips"
bones/2/tail_direction = 0
bones/2/reference_pose = Transform3D(1, 2.84217e-14, 2.62265e-06, 1.61439e-07, 0.998104, -0.0615558, -2.61767e-06, 0.0615558, 0.998104, -4.19381e-22, 0.188714, -2.19734e-08)
bones/2/handle_offset = Vector2(0.5, 0.56)
bones/2/group = &"Body"
bones/2/require = true
bones/3/bone_name = &"spine.002"
bones/3/bone_parent = &"spine.001"
bones/3/tail_direction = 0
bones/3/reference_pose = Transform3D(1, 4.26968e-07, 5.11828e-07, -5.04598e-07, 0.986659, 0.1628, -4.35489e-07, -0.1628, 0.986659, -6.33339e-14, 0.174324, -4.63333e-08)
bones/3/handle_offset = Vector2(0.5, 0.43)
bones/3/group = &"Body"
bones/3/require = true
bones/4/bone_name = &"spine.003"
bones/4/bone_parent = &"spine.002"
bones/4/tail_direction = 0
bones/4/reference_pose = Transform3D(1, 1.91429e-07, -1.66304e-06, -8.83521e-08, 0.998091, 0.0617616, 1.67168e-06, -0.0617616, 0.998091, -5.54221e-14, 0.204563, -1.11759e-08)
bones/4/handle_offset = Vector2(0.5, 0.33)
bones/4/group = &"Body"
bones/4/require = true
bones/5/bone_name = &"neck"
bones/5/bone_parent = &"spine.003"
bones/5/tail_direction = 1
bones/5/bone_tail = &"DEF-head"
bones/5/reference_pose = Transform3D(1, 2.75383e-07, 1.93407e-06, -6.42548e-07, 0.981296, 0.192503, -1.84489e-06, -0.192503, 0.981296, 7.1396e-14, 0.206493, -5.58794e-08)
bones/5/handle_offset = Vector2(0.5, 0.23)
bones/5/group = &"Body"
bones/5/require = true
bones/6/bone_name = &"head"
bones/6/bone_parent = &"neck"
bones/6/tail_direction = 2
bones/6/reference_pose = Transform3D(1, -1.38987e-06, -1.36585e-06, 6.94912e-07, 0.909182, -0.416398, 1.82055e-06, 0.416398, 0.909182, 1.61079e-13, 0.135151, -1.49012e-08)
bones/6/handle_offset = Vector2(0.5, 0.13)
bones/6/group = &"Body"
bones/6/require = true
bones/7/bone_name = &"jaw"
bones/7/bone_parent = &"head"
bones/7/tail_direction = 0
bones/7/reference_pose = Transform3D(1, -2.46103e-07, -6.9691e-07, 1.40641e-07, 0.989067, -0.147467, 7.25583e-07, 0.147467, 0.989067, -8.07651e-08, 0.202933, 0.0483953)
bones/7/handle_offset = Vector2(0.5, 0.03)
bones/7/group = &"Body"
bones/7/require = true
bones/8/bone_name = &"ear.L"
bones/8/bone_parent = &"head"
bones/8/tail_direction = 0
bones/8/reference_pose = Transform3D(0.764867, 0.643985, -0.0161743, -0.135959, 0.18592, 0.973113, 0.629678, -0.742103, 0.22976, 0.0665002, 0.0510103, -0.0962675)
bones/8/handle_offset = Vector2(0.4, 0.17)
bones/8/group = &"Body"
bones/8/require = true
bones/9/bone_name = &"ear.R"
bones/9/bone_parent = &"head"
bones/9/tail_direction = 0
bones/9/reference_pose = Transform3D(0.764869, -0.643983, 0.0161735, 0.135959, 0.18592, 0.973113, -0.629675, -0.742105, 0.22976, -0.0664998, 0.0510103, -0.0962678)
bones/9/handle_offset = Vector2(0.6, 0.17)
bones/9/group = &"Body"
bones/9/require = true
bones/10/bone_name = &"shoulder.L"
bones/10/bone_parent = &"spine.003"
bones/10/tail_direction = 0
bones/10/reference_pose = Transform3D(-0.193833, 0.315204, 0.929018, 0.956289, 0.272057, 0.107218, -0.21895, 0.909193, -0.35416, 0.0607001, 0.114863, -0.0674887)
bones/10/handle_offset = Vector2(0.4, 0.33)
bones/10/group = &"Body"
bones/10/require = true
bones/11/bone_name = &"upper_arm.L"
bones/11/bone_parent = &"shoulder.L"
bones/11/tail_direction = 0
bones/11/reference_pose = Transform3D(0.193835, -0.663367, 0.722753, -0.315204, 0.655551, 0.686221, -0.929018, -0.360829, -0.0820274, -0.0342041, 0.209643, -0.0122825)
bones/11/handle_offset = Vector2(0.32, 0.33)
bones/11/group = &"Body"
bones/11/require = true
bones/12/bone_name = &"forearm.L"
bones/12/bone_parent = &"upper_arm.L"
bones/12/tail_direction = 0
bones/12/reference_pose = Transform3D(1, 7.07798e-07, 3.76927e-06, 5.24492e-07, 0.948348, -0.317231, -3.79912e-06, 0.317231, 0.948348, -7.02784e-10, 0.260944, 4.69399e-09)
bones/12/handle_offset = Vector2(0.22, 0.33)
bones/12/group = &"Body"
bones/12/require = true
bones/13/bone_name = &"hands.L"
bones/13/bone_parent = &"forearm.L"
bones/13/tail_direction = 0
bones/13/reference_pose = Transform3D(1, -3.57166e-07, -2.40169e-06, -1.76137e-07, 0.975846, -0.218461, 2.42171e-06, 0.218461, 0.975846, 3.77845e-09, 0.281853, -8.13282e-09)
bones/13/handle_offset = Vector2(0.14, 0.33)
bones/13/group = &"Body"
bones/13/require = true
bones/14/bone_name = &"fingers.L"
bones/14/bone_parent = &"hands.L"
bones/14/tail_direction = 0
bones/14/reference_pose = Transform3D(0.999646, 0.0266155, 2.47164e-05, -0.00493001, 0.186078, -0.982523, -0.0261549, 0.982174, 0.186143, 1.49529e-09, 0.166001, 1.81553e-08)
bones/14/handle_offset = Vector2(0.1, 0.29)
bones/14/group = &"Body"
bones/14/require = true
bones/15/bone_name = &"shoulder.R"
bones/15/bone_parent = &"spine.003"
bones/15/tail_direction = 0
bones/15/reference_pose = Transform3D(-0.193834, -0.315207, -0.929017, -0.956289, 0.272057, 0.107218, 0.21895, 0.909192, -0.354163, -0.0606999, 0.114863, -0.0674888)
bones/15/handle_offset = Vector2(0.6, 0.33)
bones/15/group = &"Body"
bones/15/require = true
bones/16/bone_name = &"upper_arm.R"
bones/16/bone_parent = &"shoulder.R"
bones/16/tail_direction = 0
bones/16/reference_pose = Transform3D(0.193835, 0.663367, -0.722753, 0.315204, 0.655551, 0.686221, 0.929018, -0.360829, -0.0820271, 0.0342041, 0.209643, -0.0122824)
bones/16/handle_offset = Vector2(0.7, 0.33)
bones/16/group = &"Body"
bones/16/require = true
bones/17/bone_name = &"forearm.R"
bones/17/bone_parent = &"upper_arm.R"
bones/17/tail_direction = 0
bones/17/reference_pose = Transform3D(1, -5.94621e-07, -4.09646e-06, -7.35618e-07, 0.948348, -0.317231, 4.07351e-06, 0.317231, 0.948348, 1.1002e-08, 0.260944, 1.29518e-09)
bones/17/handle_offset = Vector2(0.78, 0.33)
bones/17/group = &"Body"
bones/17/require = true
bones/18/bone_name = &"hands.R"
bones/18/bone_parent = &"forearm.R"
bones/18/tail_direction = 0
bones/18/reference_pose = Transform3D(1, 4.90085e-07, 2.273e-06, 1.83149e-08, 0.975846, -0.218461, -2.32516e-06, 0.218461, 0.975846, 6.57907e-09, 0.281853, 3.79598e-09)
bones/18/handle_offset = Vector2(0.86, 0.33)
bones/18/group = &"Body"
bones/18/require = true
bones/19/bone_name = &"fingers.R"
bones/19/bone_parent = &"hands.R"
bones/19/tail_direction = 0
bones/19/reference_pose = Transform3D(0.999646, -0.0266146, -3.52878e-05, 0.00491946, 0.186078, -0.982523, 0.026156, 0.982174, 0.186143, 1.10994e-08, 0.166001, 1.24071e-08)
bones/19/handle_offset = Vector2(0.9, 0.29)
bones/19/group = &"Body"
bones/19/require = true
bones/20/bone_name = &"tail"
bones/20/bone_parent = &"hips"
bones/20/tail_direction = 0
bones/20/reference_pose = Transform3D(1, 1.78689e-15, -7.49448e-15, 1.12184e-17, -0.97307, -0.23051, -7.70455e-15, 0.23051, -0.973071, 4.42042e-17, -0.0327998, 0.00673712)
bones/20/handle_offset = Vector2(0.5, 0.72)
bones/20/group = &"Body"
bones/20/require = false
bones/21/bone_name = &"tail.001"
bones/21/bone_parent = &"tail"
bones/21/tail_direction = 0
bones/21/reference_pose = Transform3D(1, -2.80303e-17, -1.77433e-19, 2.77741e-17, 0.991674, -0.128771, 3.78543e-18, 0.128771, 0.991674, 1.44757e-24, 0.114603, 0)
bones/21/handle_offset = Vector2(0.5, 0.76)
bones/21/group = &"Body"
bones/21/require = false
bones/22/bone_name = &"tail.002"
bones/22/bone_parent = &"tail.001"
bones/22/tail_direction = 0
bones/22/reference_pose = Transform3D(1, 8.13022e-18, 2.01923e-19, -8.1227e-18, 0.999692, -0.0248247, -4.03691e-19, 0.0248247, 0.999692, -1.80946e-25, 0.118137, -2.23517e-08)
bones/22/handle_offset = Vector2(0.5, 0.8)
bones/22/group = &"Body"
bones/22/require = false
bones/23/bone_name = &"tail.003"
bones/23/bone_parent = &"tail.002"
bones/23/tail_direction = 0
bones/23/reference_pose = Transform3D(1, 3.02008e-17, -3.59431e-19, -3.00906e-17, 0.995186, -0.0980035, -2.60208e-18, 0.0980035, 0.995186, 3.81279e-25, 0.106454, 5.21541e-08)
bones/23/handle_offset = Vector2(0.5, 0.84)
bones/23/group = &"Body"
bones/23/require = false
bones/24/bone_name = &"tail.004"
bones/24/bone_parent = &"tail.003"
bones/24/tail_direction = 0
bones/24/reference_pose = Transform3D(1, 2.51803e-17, -2.86475e-19, -2.51777e-17, 0.999976, 0.00695443, 4.61582e-19, -0.00695443, 0.999976, -6.41065e-24, 0.107172, -6.51926e-08)
bones/24/handle_offset = Vector2(0.5, 0.88)
bones/24/group = &"Body"
bones/24/require = false
bones/25/bone_name = &"tail.005"
bones/25/bone_parent = &"tail.004"
bones/25/tail_direction = 0
bones/25/reference_pose = Transform3D(1, 1.58082e-17, 3.03669e-18, -1.51133e-17, 0.986962, -0.160955, -5.54151e-18, 0.160955, 0.986962, 7.75482e-25, 0.113871, 2.42144e-08)
bones/25/handle_offset = Vector2(0.5, 0.92)
bones/25/group = &"Body"
bones/25/require = false
bones/26/bone_name = &"thigh.L"
bones/26/bone_parent = &"hips"
bones/26/tail_direction = 0
bones/26/reference_pose = Transform3D(1, 1.69407e-21, 3.14265e-14, 3.02414e-14, 0.272031, -0.962288, -8.54901e-15, 0.962288, 0.272031, 0.1201, 0.0649409, 0.0549389)
bones/26/handle_offset = Vector2(0.37, 0.65)
bones/26/group = &"Body"
bones/26/require = true
bones/27/bone_name = &"shin.L"
bones/27/bone_parent = &"thigh.L"
bones/27/tail_direction = 0
bones/27/reference_pose = Transform3D(1, -5.82077e-11, -0.000488281, -0.000412446, 0.535257, -0.844689, 0.000261356, 0.844689, 0.535257, -7.84095e-15, 0.272527, 3.4972e-15)
bones/27/handle_offset = Vector2(0.22, 0.65)
bones/27/group = &"Body"
bones/27/require = true
bones/28/bone_name = &"feet.L"
bones/28/bone_parent = &"shin.L"
bones/28/tail_direction = 0
bones/28/reference_pose = Transform3D(1, -0.000405664, 0.000272001, -1.98095e-07, 0.55657, 0.830801, -0.000488414, -0.830801, 0.55657, -2.33558e-09, 0.305048, -6.50107e-09)
bones/28/handle_offset = Vector2(0.12, 0.65)
bones/28/group = &"Body"
bones/28/require = true
bones/29/bone_name = &"toes.L"
bones/29/bone_parent = &"feet.L"
bones/29/tail_direction = 0
bones/29/reference_pose = Transform3D(1, 2.31172e-07, 9.24244e-08, -1.46346e-07, 0.245488, 0.9694, 2.01409e-07, -0.9694, 0.245488, -6.09027e-09, 0.255003, -4.29454e-09)
bones/29/handle_offset = Vector2(0.1, 0.6)
bones/29/group = &"Body"
bones/29/require = true
bones/30/bone_name = &"thigh.R"
bones/30/bone_parent = &"hips"
bones/30/tail_direction = 0
bones/30/reference_pose = Transform3D(1, 1.69407e-21, 3.14265e-14, 3.02414e-14, 0.272031, -0.962288, -8.54901e-15, 0.962288, 0.272031, -0.1201, 0.0649409, 0.0549389)
bones/30/handle_offset = Vector2(0.61, 0.65)
bones/30/group = &"Body"
bones/30/require = true
bones/31/bone_name = &"shin.R"
bones/31/bone_parent = &"thigh.R"
bones/31/tail_direction = 0
bones/31/reference_pose = Transform3D(1, -5.82077e-11, -0.000488281, -0.000412446, 0.535257, -0.844689, 0.000261356, 0.844689, 0.535257, -7.84095e-15, 0.272527, -3.4972e-15)
bones/31/handle_offset = Vector2(0.76, 0.65)
bones/31/group = &"Body"
bones/31/require = true
bones/32/bone_name = &"feet.R"
bones/32/bone_parent = &"shin.R"
bones/32/tail_direction = 0
bones/32/reference_pose = Transform3D(1, -0.000405664, 0.000272001, -1.98095e-07, 0.55657, 0.830801, -0.000488414, -0.830801, 0.55657, -2.33558e-09, 0.305048, -2.33013e-08)
bones/32/handle_offset = Vector2(0.88, 0.65)
bones/32/group = &"Body"
bones/32/require = true
bones/33/bone_name = &"toes.R"
bones/33/bone_parent = &"feet.R"
bones/33/tail_direction = 0
bones/33/reference_pose = Transform3D(1, 2.31172e-07, 9.24244e-08, -1.46346e-07, 0.245488, 0.9694, 2.01409e-07, -0.9694, 0.245488, 8.81089e-09, 0.255003, -1.94559e-09)
bones/33/handle_offset = Vector2(0.9, 0.6)
bones/33/group = &"Body"
bones/33/require = true
