[gd_resource type="SkeletonProfile" load_steps=2 format=3 uid="uid://b8tal1viwg1yu"]

[ext_resource type="Texture2D" uid="uid://5n03ort3rhwq" path="res://CatsSkeletonProfileBuilder/4-leggedv2.png" id="1_hxh20"]

[resource]
root_bone = &"root"
scale_base_bone = &"hips"
group_size = 1
bone_size = 34
groups/0/group_name = &"Body"
groups/0/texture = ExtResource("1_hxh20")
bones/0/bone_name = &"root"
bones/0/bone_parent = &""
bones/0/tail_direction = 0
bones/0/reference_pose = Transform3D(1, 0, 0, 0, 0, 1, 0, -1, 0, 0, 0, 0)
bones/0/handle_offset = Vector2(0.5, 0.98)
bones/0/group = &"Body"
bones/0/require = false
bones/1/bone_name = &"hips"
bones/1/bone_parent = &"root"
bones/1/tail_direction = 1
bones/1/bone_tail = &"DEF-spine.001"
bones/1/reference_pose = Transform3D(1, 0, 0, 0, -0.99986, -0.016756, 0, 0.016756, -0.99986, 0, 0.8028, 1.396)
bones/1/handle_offset = Vector2(0.5, 0.65)
bones/1/group = &"Body"
bones/1/require = true
bones/2/bone_name = &"spine.001"
bones/2/bone_parent = &"hips"
bones/2/tail_direction = 0
bones/2/reference_pose = Transform3D(1, 0, 0, 0, 0.947438, -0.31994, 0, 0.31994, 0.947438, 0, 0.417759, 5.82077e-08)
bones/2/handle_offset = Vector2(0.5, 0.56)
bones/2/group = &"Body"
bones/2/require = true
bones/3/bone_name = &"spine.002"
bones/3/bone_parent = &"spine.001"
bones/3/tail_direction = 0
bones/3/reference_pose = Transform3D(1, 0, 0, 0, 0.951341, 0.308139, 0, -0.308139, 0.951341, 0, 0.384185, 9.96515e-08)
bones/3/handle_offset = Vector2(0.5, 0.43)
bones/3/group = &"Body"
bones/3/require = true
bones/4/bone_name = &"spine.003"
bones/4/bone_parent = &"spine.002"
bones/4/tail_direction = 0
bones/4/reference_pose = Transform3D(1, 0, 0, 0, 0.968032, 0.250828, 0, -0.250828, 0.968032, 0, 0.392904, -5.80912e-08)
bones/4/handle_offset = Vector2(0.5, 0.33)
bones/4/group = &"Body"
bones/4/require = true
bones/5/bone_name = &"neck"
bones/5/bone_parent = &"spine.003"
bones/5/tail_direction = 1
bones/5/bone_tail = &"DEF-head"
bones/5/reference_pose = Transform3D(1, -3.55271e-15, 2.38419e-07, -1.01774e-07, 0.904313, 0.42687, -2.15605e-07, -0.42687, 0.904313, 0, 0.416056, 1.49012e-08)
bones/5/handle_offset = Vector2(0.5, 0.23)
bones/5/group = &"Body"
bones/5/require = true
bones/6/bone_name = &"head"
bones/6/bone_parent = &"neck"
bones/6/tail_direction = 2
bones/6/reference_pose = Transform3D(1, -2.37626e-07, 4.9626e-07, 4.75252e-07, -0.0814667, -0.996676, 2.77265e-07, 0.996676, -0.0814667, 2.84217e-14, 0.687668, -1.19209e-07)
bones/6/handle_offset = Vector2(0.5, 0.13)
bones/6/group = &"Body"
bones/6/require = true
bones/7/bone_name = &"jaw"
bones/7/bone_parent = &"head"
bones/7/tail_direction = 0
bones/7/reference_pose = Transform3D(1, -3.47375e-08, 1.26715e-09, 3.47375e-08, 0.997343, -0.0728498, 1.26684e-09, 0.0728498, 0.997343, -3.58189e-08, 0.416496, 0.0751178)
bones/7/handle_offset = Vector2(0.5, 0.03)
bones/7/group = &"Body"
bones/7/require = true
bones/8/bone_name = &"ear.L"
bones/8/bone_parent = &"head"
bones/8/tail_direction = 0
bones/8/reference_pose = Transform3D(0.937372, 0.317827, -0.142546, 0.266695, -0.3916, 0.880638, 0.22407, -0.863502, -0.451837, 0.0757126, 0.00551897, -0.0718741)
bones/8/handle_offset = Vector2(0.4, 0.17)
bones/8/group = &"Body"
bones/8/require = true
bones/9/bone_name = &"ear.R"
bones/9/bone_parent = &"head"
bones/9/tail_direction = 0
bones/9/reference_pose = Transform3D(0.937372, -0.317826, 0.142547, -0.266695, -0.391599, 0.880638, -0.224069, -0.863502, -0.451837, -0.0757125, 0.00551915, -0.0718743)
bones/9/handle_offset = Vector2(0.6, 0.17)
bones/9/group = &"Body"
bones/9/require = true
bones/10/bone_name = &"shoulder.L"
bones/10/bone_parent = &"spine.003"
bones/10/tail_direction = 0
bones/10/reference_pose = Transform3D(-0.199661, 0.204653, 0.958255, 0.968022, 0.192786, 0.160523, -0.151887, 0.959662, -0.2366, 0.1023, 0.202954, -0.237806)
bones/10/handle_offset = Vector2(0.4, 0.33)
bones/10/group = &"Body"
bones/10/require = true
bones/11/bone_name = &"upper_arm.L"
bones/11/bone_parent = &"shoulder.L"
bones/11/tail_direction = 0
bones/11/reference_pose = Transform3D(0.19966, -0.752059, 0.628127, -0.204653, 0.594891, 0.777317, -0.958255, -0.283747, -0.0351354, -0.0179541, 0.462695, -0.0334739)
bones/11/handle_offset = Vector2(0.32, 0.33)
bones/11/group = &"Body"
bones/11/require = true
bones/12/bone_name = &"forearm.L"
bones/12/bone_parent = &"upper_arm.L"
bones/12/tail_direction = 0
bones/12/reference_pose = Transform3D(1, -2.83178e-07, -2.34705e-06, -8.00707e-07, 0.89355, -0.448964, 2.22434e-06, 0.448964, 0.89355, -1.81011e-09, 0.346547, 5.32871e-08)
bones/12/handle_offset = Vector2(0.22, 0.33)
bones/12/group = &"Body"
bones/12/require = true
bones/13/bone_name = &"hands.L"
bones/13/bone_parent = &"forearm.L"
bones/13/tail_direction = 0
bones/13/reference_pose = Transform3D(1, -1.22348e-07, 1.42557e-06, 7.04643e-09, 0.996746, 0.0806014, -1.4308e-06, -0.0806014, 0.996746, 1.31529e-08, 0.361303, 2.1347e-08)
bones/13/handle_offset = Vector2(0.14, 0.33)
bones/13/group = &"Body"
bones/13/require = true
bones/14/bone_name = &"fingers.L"
bones/14/bone_parent = &"hands.L"
bones/14/tail_direction = 0
bones/14/reference_pose = Transform3D(0.999769, 0.0214986, 1.59256e-07, -0.0178453, 0.829882, -0.557654, -0.0119889, 0.557525, 0.830074, -1.59906e-08, 0.261566, -4.5271e-08)
bones/14/handle_offset = Vector2(0.1, 0.29)
bones/14/group = &"Body"
bones/14/require = true
bones/15/bone_name = &"shoulder.R"
bones/15/bone_parent = &"spine.003"
bones/15/tail_direction = 0
bones/15/reference_pose = Transform3D(-0.199661, -0.204653, -0.958255, -0.968022, 0.192786, 0.160523, 0.151887, 0.959662, -0.2366, -0.1023, 0.202954, -0.237806)
bones/15/handle_offset = Vector2(0.6, 0.33)
bones/15/group = &"Body"
bones/15/require = true
bones/16/bone_name = &"upper_arm.R"
bones/16/bone_parent = &"shoulder.R"
bones/16/tail_direction = 0
bones/16/reference_pose = Transform3D(0.19966, 0.752059, -0.628127, 0.204653, 0.594891, 0.777317, 0.958255, -0.283747, -0.0351354, 0.0179541, 0.462695, -0.0334739)
bones/16/handle_offset = Vector2(0.7, 0.33)
bones/16/group = &"Body"
bones/16/require = true
bones/17/bone_name = &"forearm.R"
bones/17/bone_parent = &"upper_arm.R"
bones/17/tail_direction = 0
bones/17/reference_pose = Transform3D(1, 2.83178e-07, 2.34705e-06, 8.00707e-07, 0.89355, -0.448964, -2.22434e-06, 0.448964, 0.89355, 1.81011e-09, 0.346547, 5.32871e-08)
bones/17/handle_offset = Vector2(0.78, 0.33)
bones/17/group = &"Body"
bones/17/require = true
bones/18/bone_name = &"hands.R"
bones/18/bone_parent = &"forearm.R"
bones/18/tail_direction = 0
bones/18/reference_pose = Transform3D(1, 1.22348e-07, -1.18715e-06, -2.62633e-08, 0.996746, 0.0806014, 1.19315e-06, -0.0806014, 0.996746, -1.31529e-08, 0.361303, 2.1347e-08)
bones/18/handle_offset = Vector2(0.86, 0.33)
bones/18/group = &"Body"
bones/18/require = true
bones/19/bone_name = &"fingers.R"
bones/19/bone_parent = &"hands.R"
bones/19/tail_direction = 0
bones/19/reference_pose = Transform3D(0.999769, -0.0214987, -3.57162e-07, 0.0178453, 0.829882, -0.557654, 0.0119891, 0.557525, 0.830074, 1.62562e-08, 0.261566, -3.48998e-08)
bones/19/handle_offset = Vector2(0.9, 0.29)
bones/19/group = &"Body"
bones/19/require = true
bones/20/bone_name = &"tail"
bones/20/bone_parent = &"hips"
bones/20/tail_direction = 0
bones/20/reference_pose = Transform3D(1, 1.07947e-16, 5.88537e-18, 1.08031e-16, -0.995756, -0.0920366, -4.07463e-18, 0.0920349, -0.995774, 3.69008e-17, -0.0963143, -0.0465977)
bones/20/handle_offset = Vector2(0.5, 0.72)
bones/20/group = &"Body"
bones/20/require = false
bones/21/bone_name = &"tail.001"
bones/21/bone_parent = &"tail"
bones/21/tail_direction = 0
bones/21/reference_pose = Transform3D(1, -1.56059e-16, -1.01579e-16, 1.85499e-16, 0.787411, 0.616428, -1.62147e-17, -0.616428, 0.787412, 0, 0.120731, 8.19564e-08)
bones/21/handle_offset = Vector2(0.5, 0.76)
bones/21/group = &"Body"
bones/21/require = false
bones/22/bone_name = &"tail.002"
bones/22/bone_parent = &"tail.001"
bones/22/tail_direction = 0
bones/22/reference_pose = Transform3D(1, -3.55271e-15, 2.38419e-07, 5.31365e-08, 0.974848, -0.222871, -2.32422e-07, 0.222871, 0.974848, -3.30872e-24, 0.16602, 5.96046e-08)
bones/22/handle_offset = Vector2(0.5, 0.8)
bones/22/group = &"Body"
bones/22/require = false
bones/23/bone_name = &"tail.003"
bones/23/bone_parent = &"tail.002"
bones/23/tail_direction = 0
bones/23/reference_pose = Transform3D(1, -1.33932e-08, 3.83695e-10, 1.33936e-08, 0.998421, -0.0561751, 3.69275e-10, 0.0561751, 0.998421, 1.42335e-14, 0.186749, -5.96046e-08)
bones/23/handle_offset = Vector2(0.5, 0.84)
bones/23/group = &"Body"
bones/23/require = false
bones/24/bone_name = &"tail.004"
bones/24/bone_parent = &"tail.003"
bones/24/tail_direction = 0
bones/24/reference_pose = Transform3D(1, -6.82967e-08, 9.99232e-09, 6.82971e-08, 0.958096, -0.286449, 9.98989e-09, 0.286449, 0.958096, -3.04297e-14, 0.163309, 0)
bones/24/handle_offset = Vector2(0.5, 0.88)
bones/24/group = &"Body"
bones/24/require = false
bones/25/bone_name = &"tail.005"
bones/25/bone_parent = &"tail.004"
bones/25/tail_direction = 0
bones/25/reference_pose = Transform3D(1, -5.35596e-08, 6.0938e-09, 5.35596e-08, 0.974442, -0.224637, 6.09343e-09, 0.224637, 0.974442, 2.03461e-14, 0.146063, -5.96046e-08)
bones/25/handle_offset = Vector2(0.5, 0.92)
bones/25/group = &"Body"
bones/25/require = false
bones/26/bone_name = &"thigh.L"
bones/26/bone_parent = &"hips"
bones/26/tail_direction = 0
bones/26/reference_pose = Transform3D(1, 0, 0, 0, 0.158291, -0.987393, 0, 0.987393, 0.158291, 0.1915, 0.181831, -0.00035328)
bones/26/handle_offset = Vector2(0.37, 0.65)
bones/26/group = &"Body"
bones/26/require = true
bones/27/bone_name = &"shin.L"
bones/27/bone_parent = &"thigh.L"
bones/27/tail_direction = 0
bones/27/reference_pose = Transform3D(1, 0, 0, 0, 0.801756, -0.597651, 0, 0.597651, 0.801756, 0, 0.371825, -5.96046e-08)
bones/27/handle_offset = Vector2(0.22, 0.65)
bones/27/group = &"Body"
bones/27/require = true
bones/28/bone_name = &"feet.L"
bones/28/bone_parent = &"shin.L"
bones/28/tail_direction = 0
bones/28/reference_pose = Transform3D(1, 1.45519e-11, -0.000272957, 0.00016792, 0.788381, 0.615188, 0.000215194, -0.615188, 0.788381, 0, 0.482723, 2.98023e-08)
bones/28/handle_offset = Vector2(0.12, 0.65)
bones/28/group = &"Body"
bones/28/require = true
bones/29/bone_name = &"toes.L"
bones/29/bone_parent = &"feet.L"
bones/29/tail_direction = 0
bones/29/reference_pose = Transform3D(1, -7.69616e-05, -0.000336137, 0.000168615, 0.959428, 0.281955, 0.000300799, -0.281955, 0.959428, -1.08867e-09, 0.416825, 3.91701e-08)
bones/29/handle_offset = Vector2(0.1, 0.6)
bones/29/group = &"Body"
bones/29/require = true
bones/30/bone_name = &"thigh.R"
bones/30/bone_parent = &"hips"
bones/30/tail_direction = 0
bones/30/reference_pose = Transform3D(1, 0, 0, 0, 0.158291, -0.987393, 0, 0.987393, 0.158291, -0.1915, 0.181831, -0.00035328)
bones/30/handle_offset = Vector2(0.61, 0.65)
bones/30/group = &"Body"
bones/30/require = true
bones/31/bone_name = &"shin.R"
bones/31/bone_parent = &"thigh.R"
bones/31/tail_direction = 0
bones/31/reference_pose = Transform3D(1, 0, 0, 0, 0.801756, -0.597651, 0, 0.597651, 0.801756, 0, 0.371825, -5.96046e-08)
bones/31/handle_offset = Vector2(0.76, 0.65)
bones/31/group = &"Body"
bones/31/require = true
bones/32/bone_name = &"feet.R"
bones/32/bone_parent = &"shin.R"
bones/32/tail_direction = 0
bones/32/reference_pose = Transform3D(1, 1.45519e-11, -0.000272957, 0.00016792, 0.788381, 0.615188, 0.000215194, -0.615188, 0.788381, 0, 0.482723, 2.98023e-08)
bones/32/handle_offset = Vector2(0.88, 0.65)
bones/32/group = &"Body"
bones/32/require = true
bones/33/bone_name = &"toes.R"
bones/33/bone_parent = &"feet.R"
bones/33/tail_direction = 0
bones/33/reference_pose = Transform3D(1, -7.69616e-05, -0.000336137, 0.000168615, 0.959428, 0.281955, 0.000300799, -0.281955, 0.959428, -1.08867e-09, 0.416825, 3.53357e-08)
bones/33/handle_offset = Vector2(0.9, 0.6)
bones/33/group = &"Body"
bones/33/require = true
