[gd_resource type="SkeletonProfile" load_steps=2 format=3 uid="uid://cnynttloymqsm"]

[ext_resource type="Texture2D" uid="uid://5n03ort3rhwq" path="res://CatsSkeletonProfileBuilder/4-leggedv2.png" id="1_8nvg1"]

[resource]
root_bone = &"root"
scale_base_bone = &"hips"
group_size = 1
bone_size = 34
groups/0/group_name = &"Body"
groups/0/texture = ExtResource("1_8nvg1")
bones/0/bone_name = &"root"
bones/0/bone_parent = &""
bones/0/tail_direction = 0
bones/0/reference_pose = Transform3D(1, 0, 0, 0, 0, 1, 0, -1, 0, 0, 0, 0)
bones/0/handle_offset = Vector2(0.5, 0.98)
bones/0/group = &"Body"
bones/0/require = false
bones/1/bone_name = &"hips"
bones/1/bone_parent = &"root"
bones/1/tail_direction = 1
bones/1/bone_tail = &"DEF-spine.001"
bones/1/reference_pose = Transform3D(1, 0, 0, 0, -0.965601, 0.260028, 0, -0.260028, -0.965603, 0, 0.1532, 0.2482)
bones/1/handle_offset = Vector2(0.5, 0.65)
bones/1/group = &"Body"
bones/1/require = true
bones/2/bone_name = &"spine.001"
bones/2/bone_parent = &"hips"
bones/2/tail_direction = 0
bones/2/reference_pose = Transform3D(1, 0, 0, 0, 0.986431, 0.164175, 0, -0.164175, 0.986431, 0, 0.0657622, 0)
bones/2/handle_offset = Vector2(0.5, 0.56)
bones/2/group = &"Body"
bones/2/require = true
bones/3/bone_name = &"spine.002"
bones/3/bone_parent = &"spine.001"
bones/3/tail_direction = 0
bones/3/reference_pose = Transform3D(1, 0, 0, 0, 0.995082, 0.0990534, 0, -0.0990534, 0.995082, 0, 0.0581799, 8.3819e-09)
bones/3/handle_offset = Vector2(0.5, 0.43)
bones/3/group = &"Body"
bones/3/require = true
bones/4/bone_name = &"spine.003"
bones/4/bone_parent = &"spine.002"
bones/4/tail_direction = 0
bones/4/reference_pose = Transform3D(1, 0, 0, 0, 0.99549, 0.0948712, 0, -0.0948712, 0.995489, 0, 0.092, 5.06407e-09)
bones/4/handle_offset = Vector2(0.5, 0.33)
bones/4/group = &"Body"
bones/4/require = true
bones/5/bone_name = &"neck"
bones/5/bone_parent = &"spine.003"
bones/5/tail_direction = 1
bones/5/bone_tail = &"DEF-head"
bones/5/reference_pose = Transform3D(1, 7.10543e-15, 1.19211e-06, -1.97424e-07, 0.986192, 0.165609, -1.17565e-06, -0.165609, 0.986192, 0, 0.0948376, 1.11759e-08)
bones/5/handle_offset = Vector2(0.5, 0.23)
bones/5/group = &"Body"
bones/5/require = true
bones/6/bone_name = &"head"
bones/6/bone_parent = &"neck"
bones/6/tail_direction = 2
bones/6/reference_pose = Transform3D(-1, -3.0932e-07, 1.06384e-06, -2.26879e-08, 0.96575, 0.259473, -1.10766e-06, 0.259473, -0.96575, -1.50543e-14, 0.059351, 0)
bones/6/handle_offset = Vector2(0.5, 0.13)
bones/6/group = &"Body"
bones/6/require = true
bones/7/bone_name = &"jaw"
bones/7/bone_parent = &"head"
bones/7/tail_direction = 0
bones/7/reference_pose = Transform3D(-1, 2.05328e-08, -8.68697e-07, 2.23951e-07, 0.972037, -0.234826, 8.39584e-07, -0.234826, -0.972038, 3.58731e-09, 0.0242622, -0.0410268)
bones/7/handle_offset = Vector2(0.5, 0.03)
bones/7/group = &"Body"
bones/7/require = true
bones/8/bone_name = &"ear.L"
bones/8/bone_parent = &"head"
bones/8/tail_direction = 0
bones/8/reference_pose = Transform3D(-0.845538, -0.526211, -0.090369, -0.308233, 0.34289, 0.887366, -0.435955, 0.778157, -0.452122, -0.0373005, 0.0171503, 0.0185848)
bones/8/handle_offset = Vector2(0.4, 0.17)
bones/8/group = &"Body"
bones/8/require = true
bones/9/bone_name = &"ear.R"
bones/9/bone_parent = &"head"
bones/9/tail_direction = 0
bones/9/reference_pose = Transform3D(-0.845538, 0.526211, 0.0903689, 0.308232, 0.34289, 0.887367, 0.435955, 0.778158, -0.452121, 0.0373005, 0.0171503, 0.0185849)
bones/9/handle_offset = Vector2(0.6, 0.17)
bones/9/group = &"Body"
bones/9/require = true
bones/10/bone_name = &"shoulder.L"
bones/10/bone_parent = &"spine.003"
bones/10/tail_direction = 0
bones/10/reference_pose = Transform3D(-0.333436, 0.323107, 0.885676, 0.844078, 0.520771, 0.12779, -0.419944, 0.790189, -0.446371, 0.0109, 0.0433717, -0.0340956)
bones/10/handle_offset = Vector2(0.4, 0.33)
bones/10/group = &"Body"
bones/10/require = true
bones/11/bone_name = &"upper_arm.L"
bones/11/bone_parent = &"shoulder.L"
bones/11/tail_direction = 0
bones/11/reference_pose = Transform3D(0.333437, -0.75295, 0.567351, -0.323106, 0.474077, 0.819056, -0.885676, -0.456418, -0.0852079, -0.0141066, 0.070325, -0.00714272)
bones/11/handle_offset = Vector2(0.32, 0.33)
bones/11/group = &"Body"
bones/11/require = true
bones/12/bone_name = &"forearm.L"
bones/12/bone_parent = &"upper_arm.L"
bones/12/tail_direction = 0
bones/12/reference_pose = Transform3D(1, 5.81888e-07, 2.42764e-06, 7.51154e-07, 0.857253, -0.514895, -2.38071e-06, 0.514895, 0.857253, 5.89349e-09, 0.0834196, -3.50859e-09)
bones/12/handle_offset = Vector2(0.22, 0.33)
bones/12/group = &"Body"
bones/12/require = true
bones/13/bone_name = &"hands.L"
bones/13/bone_parent = &"forearm.L"
bones/13/tail_direction = 0
bones/13/reference_pose = Transform3D(1, -4.23692e-07, 6.85811e-08, 4.23693e-07, 0.948938, -0.315461, 6.85791e-08, 0.315461, 0.948939, 2.88072e-09, 0.0997776, 6.42393e-09)
bones/13/handle_offset = Vector2(0.14, 0.33)
bones/13/group = &"Body"
bones/13/require = true
bones/14/bone_name = &"fingers.L"
bones/14/bone_parent = &"hands.L"
bones/14/tail_direction = 0
bones/14/reference_pose = Transform3D(0.998873, 0.0474649, 9.62e-05, -0.0224432, 0.474088, -0.880192, -0.0418238, 0.879197, 0.474619, 1.64914e-09, 0.0288187, -2.29674e-09)
bones/14/handle_offset = Vector2(0.1, 0.29)
bones/14/group = &"Body"
bones/14/require = true
bones/15/bone_name = &"shoulder.R"
bones/15/bone_parent = &"spine.003"
bones/15/tail_direction = 0
bones/15/reference_pose = Transform3D(-0.333436, -0.323107, -0.885676, -0.844078, 0.520771, 0.12779, 0.419944, 0.790189, -0.446371, -0.0109, 0.0433717, -0.0340956)
bones/15/handle_offset = Vector2(0.6, 0.33)
bones/15/group = &"Body"
bones/15/require = true
bones/16/bone_name = &"upper_arm.R"
bones/16/bone_parent = &"shoulder.R"
bones/16/tail_direction = 0
bones/16/reference_pose = Transform3D(0.333437, 0.75295, -0.567351, 0.323106, 0.474077, 0.819056, 0.885676, -0.456418, -0.0852079, 0.0141066, 0.070325, -0.00714272)
bones/16/handle_offset = Vector2(0.7, 0.33)
bones/16/group = &"Body"
bones/16/require = true
bones/17/bone_name = &"forearm.R"
bones/17/bone_parent = &"upper_arm.R"
bones/17/tail_direction = 0
bones/17/reference_pose = Transform3D(1, -5.81888e-07, -2.18922e-06, -6.28394e-07, 0.857253, -0.514895, 2.17633e-06, 0.514895, 0.857253, -5.89349e-09, 0.0834196, -3.50859e-09)
bones/17/handle_offset = Vector2(0.78, 0.33)
bones/17/group = &"Body"
bones/17/require = true
bones/18/bone_name = &"hands.R"
bones/18/bone_parent = &"forearm.R"
bones/18/tail_direction = 0
bones/18/reference_pose = Transform3D(1, 3.4848e-07, -2.94825e-07, -4.23692e-07, 0.948938, -0.315461, 1.69839e-07, 0.315461, 0.948939, -1.66402e-09, 0.0997776, 6.60274e-09)
bones/18/handle_offset = Vector2(0.86, 0.33)
bones/18/group = &"Body"
bones/18/require = true
bones/19/bone_name = &"fingers.R"
bones/19/bone_parent = &"hands.R"
bones/19/tail_direction = 0
bones/19/reference_pose = Transform3D(0.998873, -0.0474649, -9.62e-05, 0.0224432, 0.474088, -0.880192, 0.0418238, 0.879197, 0.474619, -1.64915e-09, 0.0288187, -2.29673e-09)
bones/19/handle_offset = Vector2(0.9, 0.29)
bones/19/group = &"Body"
bones/19/require = true
bones/20/bone_name = &"tail"
bones/20/bone_parent = &"hips"
bones/20/tail_direction = 0
bones/20/reference_pose = Transform3D(1, 4.32306e-17, 4.63491e-18, 4.05376e-17, -0.888509, -0.45886, -1.57186e-17, 0.458859, -0.88851, -9.21985e-18, -0.00211877, 0.000866037)
bones/20/handle_offset = Vector2(0.5, 0.72)
bones/20/group = &"Body"
bones/20/require = false
bones/21/bone_name = &"tail.001"
bones/21/bone_parent = &"tail"
bones/21/tail_direction = 0
bones/21/reference_pose = Transform3D(1, -2.42003e-18, 2.92726e-18, 2.80171e-18, 0.990385, -0.138337, -2.56433e-18, 0.138337, 0.990385, -2.06795e-25, 0.0663455, 0)
bones/21/handle_offset = Vector2(0.5, 0.76)
bones/21/group = &"Body"
bones/21/require = false
bones/22/bone_name = &"tail.002"
bones/22/bone_parent = &"tail.001"
bones/22/tail_direction = 0
bones/22/reference_pose = Transform3D(1, -3.23937e-17, -5.09975e-20, 3.23759e-17, 0.9995, -0.0316221, 1.07533e-18, 0.0316221, 0.9995, -8.01331e-25, 0.0663455, 0)
bones/22/handle_offset = Vector2(0.5, 0.8)
bones/22/group = &"Body"
bones/22/require = false
bones/23/bone_name = &"tail.003"
bones/23/bone_parent = &"tail.002"
bones/23/tail_direction = 0
bones/23/reference_pose = Transform3D(1, 3.85309e-17, -4.39681e-20, -3.8467e-17, 0.998275, -0.0587166, -2.21851e-18, 0.0587166, 0.998275, -8.36874e-25, 0.0663456, 3.72529e-09)
bones/23/handle_offset = Vector2(0.5, 0.84)
bones/23/group = &"Body"
bones/23/require = false
bones/24/bone_name = &"tail.004"
bones/24/bone_parent = &"tail.003"
bones/24/tail_direction = 0
bones/24/reference_pose = Transform3D(1, 1.63691e-17, 2.00941e-18, -1.59359e-17, 0.990453, -0.137847, -4.24667e-18, 0.137847, 0.990453, -1.55096e-25, 0.0663456, 3.72529e-09)
bones/24/handle_offset = Vector2(0.5, 0.88)
bones/24/group = &"Body"
bones/24/require = false
bones/25/bone_name = &"tail.005"
bones/25/bone_parent = &"tail.004"
bones/25/tail_direction = 0
bones/25/reference_pose = Transform3D(1, -8.61269e-18, 7.374e-19, 8.61419e-18, 0.999998, -0.00204642, -7.19773e-19, 0.00204642, 0.999998, -2.17135e-24, 0.0663456, 7.45058e-09)
bones/25/handle_offset = Vector2(0.5, 0.92)
bones/25/group = &"Body"
bones/25/require = false
bones/26/bone_name = &"thigh.L"
bones/26/bone_parent = &"hips"
bones/26/tail_direction = 0
bones/26/reference_pose = Transform3D(1, 0, 0, 0, 0.35927, -0.933234, 0, 0.933234, 0.35927, 0.031, 0.0372056, -0.00566953)
bones/26/handle_offset = Vector2(0.37, 0.65)
bones/26/group = &"Body"
bones/26/require = true
bones/27/bone_name = &"shin.L"
bones/27/bone_parent = &"thigh.L"
bones/27/tail_direction = 0
bones/27/reference_pose = Transform3D(1, 0, -0.000244141, -0.000187274, 0.64156, -0.767072, 0.000156631, 0.767072, 0.64156, 1.86265e-09, 0.0753551, 5.58794e-09)
bones/27/handle_offset = Vector2(0.22, 0.65)
bones/27/group = &"Body"
bones/27/require = true
bones/28/bone_name = &"feet.L"
bones/28/bone_parent = &"shin.L"
bones/28/tail_direction = 0
bones/28/reference_pose = Transform3D(1, -0.000198007, -0.000115891, 0.000209825, 0.584996, 0.811036, -9.27952e-05, -0.811036, 0.584996, -7.63976e-10, 0.0868112, 1.63318e-08)
bones/28/handle_offset = Vector2(0.12, 0.65)
bones/28/group = &"Body"
bones/28/require = true
bones/29/bone_name = &"toes.L"
bones/29/bone_parent = &"feet.L"
bones/29/tail_direction = 0
bones/29/reference_pose = Transform3D(1, -0.000254711, 4.54721e-05, -1.48211e-07, 0.175181, 0.984536, -0.000258738, -0.984536, 0.175181, -2.08025e-09, 0.108398, -6.31954e-10)
bones/29/handle_offset = Vector2(0.1, 0.6)
bones/29/group = &"Body"
bones/29/require = true
bones/30/bone_name = &"thigh.R"
bones/30/bone_parent = &"hips"
bones/30/tail_direction = 0
bones/30/reference_pose = Transform3D(1, 0, 0, 0, 0.35927, -0.933234, 0, 0.933234, 0.35927, -0.031, 0.0372056, -0.00566953)
bones/30/handle_offset = Vector2(0.61, 0.65)
bones/30/group = &"Body"
bones/30/require = true
bones/31/bone_name = &"shin.R"
bones/31/bone_parent = &"thigh.R"
bones/31/tail_direction = 0
bones/31/reference_pose = Transform3D(1, 0, -0.000244141, -0.000187274, 0.64156, -0.767072, 0.000156631, 0.767072, 0.64156, -1.86265e-09, 0.0753551, 5.58794e-09)
bones/31/handle_offset = Vector2(0.76, 0.65)
bones/31/group = &"Body"
bones/31/require = true
bones/32/bone_name = &"feet.R"
bones/32/bone_parent = &"shin.R"
bones/32/tail_direction = 0
bones/32/reference_pose = Transform3D(1, -0.000198007, -0.000116367, 0.000210211, 0.584996, 0.811036, -9.25162e-05, -0.811036, 0.584996, -7.63976e-10, 0.0868112, 1.34705e-08)
bones/32/handle_offset = Vector2(0.88, 0.65)
bones/32/group = &"Body"
bones/32/require = true
bones/33/bone_name = &"toes.R"
bones/33/bone_parent = &"feet.R"
bones/33/tail_direction = 0
bones/33/reference_pose = Transform3D(1, -0.000255181, 4.53172e-05, 8.65111e-08, 0.175181, 0.984536, -0.000259173, -0.984536, 0.175181, 9.90207e-10, 0.108398, -2.4066e-08)
bones/33/handle_offset = Vector2(0.9, 0.6)
bones/33/group = &"Body"
bones/33/require = true
